# Sampled contour points mapped to gantry coordinates (x_mm, y_mm)
# work_w_mm = 150.0
# work_h_mm = 270.0
# margin_mm = 5.0
# scale_mm_per_px = 0.25925926
# x_offset_mm = 5.00000000
# y_offset_mm = 88.33333333
# image_size_px = (540, 360)
# used_size_mm = (140.00000000, 93.33333333)
# Origin convention: top-left of gantry work area is (0,0), +Y is down

# Contour 0
102.741, 92.481
100.926, 95.619
100.407, 96.889
98.111, 96.630
94.437, 97.148
93.667, 97.407
91.904, 95.126
89.778, 93.519
89.778, 94.188
89.778, 94.615
89.778, 98.289
89.259, 101.964
89.519, 105.745
91.014, 109.014
91.852, 109.852
91.333, 111.763
91.074, 112.234
90.296, 115.801
90.037, 119.582
90.556, 123.256
91.784, 126.636
92.889, 129.704
92.889, 130.068
93.667, 133.634
94.444, 137.201
93.926, 138.370
92.889, 136.295
92.370, 133.503
92.370, 132.621
91.852, 128.947
90.505, 125.616
89.000, 125.148
88.595, 127.077
89.519, 130.583
90.645, 133.793
90.556, 134.042
91.074, 137.717
91.074, 141.605
89.703, 144.926
89.519, 145.111
85.891, 145.111
82.002, 145.111
78.113, 145.111
77.593, 144.852
79.667, 142.450
80.704, 138.990
80.963, 135.209
80.963, 135.191
80.704, 131.427
80.704, 131.410
79.667, 127.968
77.444, 125.000
76.037, 121.694
76.037, 117.805
75.778, 114.023
75.259, 112.963
77.411, 111.848
79.611, 108.870
80.158, 107.545
81.520, 105.924
84.346, 103.358
84.852, 101.815
82.930, 101.296
79.667, 102.074
79.452, 101.860
76.808, 99.222
74.222, 97.926
73.963, 97.267
73.670, 96.077
73.130, 93.723
72.407, 93.000
71.069, 94.857
69.236, 97.986
66.594, 100.629
65.407, 104.026
64.630, 107.593
63.074, 110.838
61.094, 113.906
59.704, 117.219
58.894, 120.773
57.611, 124.130
56.144, 127.411
55.628, 129.483
55.037, 130.842
54.128, 134.354
53.904, 138.015
55.004, 141.448
57.798, 143.724
61.156, 145.007
64.817, 145.039
67.407, 145.555
68.250, 146.139
70.968, 148.598
72.148, 150.761
72.407, 151.891
72.197, 155.692
71.280, 159.202
69.997, 162.559
69.373, 164.738
68.897, 165.992
69.025, 169.729
71.194, 172.416
72.667, 172.852
74.627, 172.188
77.074, 172.074
77.593, 173.039
75.734, 176.007
72.301, 177.107
70.198, 177.124
68.868, 176.312
66.225, 173.669
65.125, 170.236
64.630, 168.523
64.630, 166.553
65.234, 162.914
66.444, 159.526
67.741, 156.175
68.259, 152.500
66.885, 149.181
63.930, 146.926
60.550, 145.698
56.813, 145.331
53.015, 145.111
49.126, 145.111
45.237, 145.111
41.348, 145.111
37.459, 145.111
33.570, 145.111
29.682, 145.111
25.793, 145.111
21.904, 145.111
18.015, 145.111
14.126, 145.111
11.222, 145.111
11.948, 145.370
15.837, 145.370
19.726, 145.370
23.615, 145.370
27.504, 145.370
31.393, 145.370
35.281, 145.370
39.170, 145.370
43.059, 145.370
46.948, 145.370
50.837, 145.370
54.726, 145.370
58.507, 145.630
62.074, 146.407
65.269, 148.084
67.545, 150.878
68.000, 154.363
66.963, 157.823
65.667, 161.175
64.758, 164.687
65.407, 172.090
67.222, 175.227
73.923, 177.000
77.064, 175.195
77.173, 171.913
76.815, 171.556
73.754, 172.333
71.889, 172.593
70.382, 171.604
68.916, 168.323
70.593, 161.354
71.889, 158.002
72.667, 154.435
70.460, 147.571
63.916, 144.593
60.242, 144.593
57.031, 142.957
54.519, 140.261
54.000, 136.586
54.711, 132.992
56.911, 126.126
58.378, 122.844
59.444, 119.397
60.395, 115.902
62.044, 112.696
63.878, 109.567
65.148, 106.204
65.926, 102.637
67.911, 99.571
70.477, 96.745
71.944, 93.463
72.148, 93.259
73.963, 98.185
75.364, 98.809
78.418, 100.825
79.148, 102.333
81.012, 101.815
84.593, 101.908
84.593, 101.815
82.510, 104.934
78.142, 110.599
75.519, 112.704
75.125, 112.704
72.446, 110.149
69.217, 108.556
66.704, 108.296
66.532, 109.421
69.067, 111.956
72.539, 112.963
74.741, 112.963
75.519, 114.113
75.778, 117.894
75.778, 121.783
77.248, 125.063
79.448, 128.041
80.461, 138.872
79.407, 142.324
77.074, 144.852
76.831, 144.852
73.241, 144.130
69.590, 143.556
67.741, 143.815
68.481, 145.074
71.817, 146.407
75.492, 145.889
78.951, 145.370
82.840, 145.370
86.729, 145.370
89.778, 145.370
90.188, 144.701
91.288, 141.267
91.333, 137.397
89.778, 130.264
88.741, 126.804
89.519, 125.148
90.762, 126.392
91.852, 129.829
92.962, 137.147
94.185, 138.370
94.704, 136.730
93.910, 133.170
91.852, 126.244
90.556, 122.893
90.296, 119.111
90.556, 115.330
92.111, 109.852
91.048, 108.788
89.519, 105.533
89.519, 101.644
90.037, 97.970
90.037, 93.778
92.497, 95.978
93.667, 97.667
95.000, 97.111
98.582, 96.889
100.667, 97.148
101.185, 95.666
103.043, 92.783
103.000, 92.741
103.778, 96.368
104.037, 99.121
104.296, 100.042
105.074, 103.608
104.539, 107.276
104.296, 108.296
106.070, 110.329
108.087, 113.383
109.737, 116.588
112.638, 118.972
114.706, 121.039
115.185, 121.806
116.671, 125.079
117.519, 128.617
117.778, 131.433
117.778, 132.398
117.259, 136.072
116.481, 139.639
115.034, 142.929
113.370, 145.370
112.612, 145.370
108.831, 145.630
104.942, 145.630
101.375, 144.852
98.038, 143.520
94.757, 142.053
92.111, 142.259
91.593, 143.158
92.630, 146.618
95.573, 148.832
99.006, 149.932
102.851, 150.037
106.525, 149.519
109.877, 148.222
112.891, 146.109
113.370, 145.630
116.581, 145.630
120.470, 145.630
124.359, 145.630
128.248, 145.630
132.137, 145.630
136.026, 145.630
138.519, 145.630
137.382, 145.370
133.493, 145.370
129.604, 145.370
125.715, 145.370
121.826, 145.370
117.937, 145.370
114.078, 145.300
113.889, 145.111
115.704, 142.241
117.000, 138.889
117.733, 135.304
117.519, 127.652
116.481, 124.193
112.247, 118.321
109.481, 115.881
107.926, 112.636
105.852, 109.607
104.556, 108.037
104.815, 106.362
105.074, 102.581
103.778, 95.340
102.741, 92.481

# Contour 1
92.889, 142.259
96.348, 142.778
99.593, 144.333
103.037, 145.407
106.726, 145.889
110.508, 145.630
112.852, 145.889
111.760, 146.722
108.599, 148.481
105.140, 149.519
101.466, 150.037
97.799, 149.502
94.547, 147.963
92.111, 145.143
91.852, 143.037
92.889, 142.259

# Contour 2
66.704, 108.556
70.163, 109.074
73.191, 111.154
74.222, 112.963
72.785, 112.963
69.326, 111.926
66.704, 109.444
66.444, 108.815
66.704, 108.556

# Contour 3
67.741, 143.815
71.326, 144.030
74.982, 144.593
76.296, 145.111
74.324, 146.046
70.585, 145.889
67.741, 143.815
